insertSort:3.505e-06s,2.8797e-05s,0.000533968s,0.0324971s,1.9699s,156.763s
heapSort:2.87e-06s,2.3294e-05s,0.000245277s,0.00251701s,0.0294292s,0.328258s
mergeSort:3.71e-06s,5.8806e-05s,0.000497959s,0.0046085s,0.0464571s,0.489301s
quickSort:3.065e-06s,2.9277e-05s,0.000207257s,0.00191896s,0.0228788s,0.24058s
