bubbleSort:3.69e-07s,5.407e-06s,0.000245927s,0.00948533s,0.833909s,59.6553s
countSort:0.000460569s,0.00036871s,0.000374208s,0.000373525s,0.000542443s,0.00260039s
quickSort:5.04e-07s,2.464e-06s,2.1053e-05s,0.000223201s,0.00255409s,0.0231616s
radixSort:1.3549e-05s,7.2004e-05s,0.000458875s,0.00416618s,0.0303497s,0.239142s
